116.9914526792449
108.24047302187847
91.30169768410661
71.52621896899066
48.98979485566356
33.98529093593286
29.866369046136157
28.284271247461902
26.888659319497503
22.427661492005804
21.494185260204677
21.494185260204677
21.494185260204677
21.470910553583888
21.470910553583888
21.307275752662516
21.307275752662516
21.166010488516726
21.166010488516726
21.166010488516726
21.166010488516726
21.166010488516726
20.904544960366874
17.832554500127006
17.832554500127006
17.4928556845359
17.4928556845359
17.175564037317667
17.175564037317667
17.175564037317667
17.175564037317667
17.175564037317667
17.175564037317667
112.68540278137182
103.23274674249446
89.08984229416954
69.46221994724903
42.30839160261236
32.63433774416144
27.676705006196094
23.727621035409346
22.538855339169288
22.11334438749598
22.090722034374522
22.090722034374522
22.090722034374522
21.748563170931547
21.540659228538015
21.18962010041709
21.18962010041709
21.18962010041709
21.18962010041709
21.18962010041709
21.18962010041709
117.14094075087498
104.22571659624126
92.98386956886662
79.17701686727027
59.3548650070068
29.816103031751148
26.551836094703507
25.25866188063018
21.047565179849187
20.97617696340303
20.73644135332772
20.73644135332772
20.639767440550294
20.591260281974
20.591260281974
20.591260281974
20.591260281974
20.591260281974
20.591260281974
135.4400236266961
123.04064369142418
113.63098169073433
96.74192472759677
66.16645675869307
37.603191353926334
36.51027252705737
31.144823004794873
23.68543856465402
21.61018278497431
21.2602916254693
21.2602916254693
21.2602916254693
21.2602916254693
21.2602916254693
21.2602916254693
114.9826073804208
101.71037311896953
84.45116932286965
58.25804665451803
40.496913462633174
35.874782229304195
35.566838487557476
32.264531609803356
27.018512172212592
23.706539182259394
23.706539182259394
23.706539182259394
23.706539182259394
23.706539182259394
22.516660498395403
21.748563170931547
21.095023109728988
21.095023109728988
21.095023109728988
21.095023109728988
21.0
21.0
21.0
18.734993995195193
18.708286933869708
18.35755975068582
18.35755975068582
18.35755975068582
17.97220075561143
17.97220075561143
17.97220075561143
17.74823934929885
17.663521732655695
17.663521732655695
17.663521732655695
17.663521732655695
17.663521732655695
17.663521732655695
116.03878661895772
107.87956247593888
96.79359482941007
87.04596486914255
52.10566188045211
40.570925550201586
29.46183972531247
26.115129714401192
25.903667693977237
25.80697580112788
25.019992006393608
25.019992006393608
23.895606290697042
23.62202362203543
23.430749027719962
22.427661492005804
21.79449471770337
19.183326093250876
19.183326093250876
19.183326093250876
19.183326093250876
19.183326093250876
18.547236990991408
18.275666882497067
18.24828759089466
17.69180601295413
17.69180601295413
17.69180601295413
17.69180601295413
17.46424919657298
17.46424919657298
17.46424919657298
17.46424919657298
17.46424919657298
17.46424919657298
107.71722239270747
97.44742172063866
82.16446920658588
63.111013301958636
36.02776706930364
33.823069050575526
23.388031127053
23.388031127053
23.388031127053
23.388031127053
23.388031127053
23.345235059857504
22.693611435820433
22.045407685048602
21.517434791350013
21.517434791350013
21.37755832643195
21.37755832643195
21.02379604162864
21.02379604162864
18.520259177452136
18.2208671582886
17.97220075561143
17.97220075561143
17.578395831246947
17.578395831246947
17.578395831246947
17.578395831246947
17.578395831246947
17.578395831246947
100.72735477515529
86.46964785403026
72.30490993010088
47.75981574503821
37.73592452822641
37.05401462729781
36.91882988394946
36.91882988394946
36.60601043544625
36.60601043544625
36.359317925395686
36.359317925395686
36.235341863986875
36.235341863986875
36.235341863986875
36.235341863986875
35.805027579936315
34.55430508634199
33.793490497431605
29.410882339705484
27.459060435491963
27.349588662354687
26.870057685088806
26.870057685088806
26.870057685088806
26.589471600616662
26.476404589747453
24.1039415863879
23.49468024894146
23.259406699226016
23.259406699226016
23.259406699226016
22.516660498395403
22.516660498395403
22.516660498395403
22.516660498395403
22.516660498395403
22.516660498395403
108.74741376235114
95.81231653602788
81.9817052762383
54.22176684690383
38.40572873934304
32.0624390837628
25.96150997149434
24.43358344574123
23.49468024894146
21.6794833886788
21.540659228538015
21.213203435596427
20.639767440550294
20.639767440550294
20.273134932713294
20.273134932713294
20.273134932713294
20.273134932713294
20.149441679609886
20.149441679609886
20.149441679609886
20.149441679609886
19.82422760159901
19.82422760159901
19.82422760159901
19.82422760159901
19.82422760159901
19.82422760159901
101.26203632161463
88.48163651289458
57.07889277132134
27.76688675382964
26.68332812825267
25.92296279363144
21.470910553583888
21.470910553583888
21.42428528562855
21.354156504062622
21.354156504062622
21.330729007701542
21.330729007701542
21.166010488516726
21.166010488516726
20.97617696340303
20.97617696340303
20.784609690826528
20.784609690826528
20.784609690826528
20.73644135332772
20.73644135332772
20.346989949375804
20.174241001832016
19.79898987322333
19.79898987322333
19.570385790780925
19.544820285692065
19.364916731037084
19.364916731037084
19.364916731037084
19.364916731037084
19.364916731037084
19.364916731037084
